0.0425514877436
0.01860662179
-0.00173786686996
0.0289052300204
-0.0618851554759
0.0242098831308
0.131584540965
-0.22348159673
0.105236483569
0.714805923153
-0.000734824554203
2.89760707055e-05
0.00184278603628
-0.00190365032521
-0.000179707872469
0.00408719044443
-0.00449840445236
-0.000796320521912
0.00328005054941
-0.000489668454115
-0.00699717270329
-0.00125892717876
0.00262995750262
-0.00883751100883
0.0159724661341
-0.0228863690285
-0.0104938321973
0.0820231218226
-9.8173853254e-05
0.000138223699282
1.84540939311e-05
-9.66253276227e-05
0.000154700867629
-0.00033468716662
0.000137893194778
-2.00606278e-05
-0.000184082246646
-0.00885022121018
-0.00357057193721
-0.00394062637929
0.0106521627066
0.019961223619
0.00103574105639
-0.0268733806851
0.017251624685
0.0855833551808
0.000107027524345
-8.22466568235e-05
0.000202234923571
1.3942086862e-05
-0.000648737114844
0.000367487618052
0.000198610626855
-0.000637150027444
0.000251211813038
0.0186828356947
-0.00984413868398
-0.0589705640846
-0.0119530748936
-0.0413163600888
0.041556192277
-0.00365798657773
-0.0373202808242
-0.0841412689056
-0.00122229806577
0.00268047490976
-0.000770376011213
0.00177080349456
0.000713471210656
0.00100246359466
-0.00309646229956
0.00190957058958
0.00203147899436
-0.00228564843206
-0.000752880317784
0.0013167040046
-0.00195764358714
0.000629865200856
-0.00017263814993
0.000625145427826
-0.000582681345682
0.000916435222252
-0.0999401278899
-0.00425006162932
0.0794144519163
-0.0377667145798
-0.057213102013
0.0203456074919
-0.0610181671384
-0.159564284953
-0.112797825286
-0.0349528827906
0.0507964978906
0.0203559074141
-0.0241680458133
-0.0533276316642
0.142322421958
0.025241666182
-0.168119919485
-0.0659515602871
0.037225408231
0.190432982125
0.0319980121423
0.0585714842521
0.108847707799
0.155534442985
0.277810504595
0.758494440443
1.39887079051
-0.0818201396505
-0.111110054997
0.00339096679156
-0.103533532423
0.0643071259423
-0.0527182944419
-0.108520299613
-0.0906913938936
-0.0620548826463
