-0.299186452483
0.695239976366
0.031958302467
-0.318328005757
1.39915169005
-0.0648099540615
0.888676060511
0.0737885667472
-0.0505839329664
-0.149175205032
0.00645200295535
0.0381884993623
-0.109851176082
-0.0624525041197
-0.21493989022
-0.0934389057068
-0.202729216593
-0.221203415606
-0.101395349513
-0.151596459661
-0.182131171138
-0.233590468231
-0.187683810815
-0.00413276335007
-0.00155274213854
0.219249456735
0.184636976509
-0.229803714566
0.197742019582
-0.630948266306
0.195159490439
-0.0593553659188
-0.350756853989
0.0561555018774
0.525926168667
-0.11923558992
-0.576618524015
-0.20216711202
-0.0823620524865
-0.0475726795399
-0.0214715056632
-0.0473987025496
0.201957711484
-0.167781363752
-0.163618365334
-0.12161147175
-0.288210439955
-0.435476132019
0.141647892328
0.0718301742224
0.0473307287798
0.088091168922
-0.0596731032905
-0.0939225262957
-0.0522286070403
0.107472986254
-0.0824130257659
-0.224842539612
0.00687069754532
0.280660986231
-0.437507954739
-0.0281505571175
-0.226485287095
1.66624751562
-0.0226940248559
-0.0447803872534
-0.0612541358247
-0.000266162510556
-0.353696790819
0.012610844245
-0.000182902543674
-0.219294480427
0.221509672362
0.0291329185004
0.0888144803395
0.0645633404635
0.0119032215812
-0.0470111841554
-0.121607781876
-0.00705058868069
-0.177681316511
-0.0479619712182
0.00433915858832
0.0265806767437
0.0237216072575
0.000471070843747
0.141096775783
-0.015709242477
-0.000546479189314
0.00551907923315
